0 | 5 | 0.000039 | 19 | 0.000088 | 3368 |
------------------------
1 | 3 | 0.000029 | 19 | 0.000066 | 3406 |
------------------------
2 | 3 | 0.000030 | 20 | 0.000071 | -1 |
------------------------
3 | 3 | 0.000036 | 20 | 0.000076 | -1 |
------------------------
4 | 3 | 0.000028 | 17 | 0.000060 | 3392 |
------------------------
5 | 5 | 0.000037 | 20 | 0.000067 | 3426 |
------------------------
6 | 4 | 0.000032 | 19 | 0.000065 | 3364 |
------------------------
7 | 3 | 0.000026 | 20 | 0.000068 | 3428 |
------------------------
8 | 1 | 0.000018 | 20 | 0.000070 | -1 |
------------------------
9 | 3 | 0.000028 | 20 | 0.000066 | -1 |
------------------------
10 | 5 | 0.000040 | 20 | 0.000071 | -1 |
------------------------
11 | 2 | 0.000022 | 20 | 0.000097 | 3395 |
------------------------
12 | 3 | 0.000030 | 19 | 0.000066 | 3410 |
------------------------
13 | 3 | 0.000026 | 20 | 0.000063 | -1 |
------------------------
14 | 5 | 0.000041 | 20 | 0.000075 | 3521 |
------------------------
15 | 4 | 0.000039 | 20 | 0.000075 | 3243 |
------------------------
16 | 5 | 0.000042 | 20 | 0.000075 | -1 |
------------------------
17 | 4 | 0.000030 | 18 | 0.000058 | 3457 |
------------------------
18 | 4 | 0.000035 | 20 | 0.000070 | 3367 |
------------------------
19 | 4 | 0.000040 | 20 | 0.000073 | 3361 |
------------------------
20 | 3 | 0.000027 | 19 | 0.000062 | 3375 |
------------------------
21 | 5 | 0.000042 | 19 | 0.000065 | 3512 |
------------------------
22 | 3 | 0.000026 | 19 | 0.000062 | 3398 |
------------------------
23 | 3 | 0.000056 | 19 | 0.000131 | 3398 |
------------------------
24 | 5 | 0.000036 | 18 | 0.000064 | 3473 |
------------------------
25 | 3 | 0.000027 | 20 | 0.000062 | -1 |
------------------------
26 | 4 | 0.000051 | 20 | 0.000078 | 3369 |
------------------------
27 | 4 | 0.000038 | 20 | 0.000112 | -1 |
------------------------
28 | 4 | 0.000031 | 19 | 0.000059 | 3440 |
------------------------
29 | 3 | 0.000025 | 15 | 0.000049 | 3507 |
------------------------
30 | 4 | 0.000031 | 20 | 0.000062 | 3479 |
------------------------
31 | 3 | 0.000025 | 17 | 0.000054 | 3362 |
------------------------
32 | 3 | 0.000034 | 20 | 0.000066 | -1 |
------------------------
33 | 3 | 0.000026 | 16 | 0.000053 | 3400 |
------------------------
34 | 5 | 0.000037 | 20 | 0.000066 | 3393 |
------------------------
35 | 4 | 0.000031 | 20 | 0.000065 | 3300 |
------------------------
36 | 7 | 0.000051 | 18 | 0.000068 | 3427 |
------------------------
37 | 3 | 0.000034 | 20 | 0.000072 | -1 |
------------------------
38 | 3 | 0.000031 | 20 | 0.000067 | -1 |
------------------------
39 | 4 | 0.000034 | 20 | 0.000067 | -1 |
------------------------
40 | 4 | 0.000037 | 20 | 0.000069 | -1 |
------------------------
41 | 4 | 0.000041 | 20 | 0.000074 | -1 |
------------------------
42 | 5 | 0.000038 | 18 | 0.000060 | 3412 |
------------------------
43 | 3 | 0.000028 | 20 | 0.000079 | 3428 |
------------------------
44 | 2 | 0.000022 | 18 | 0.000060 | 3404 |
------------------------
45 | 4 | 0.000035 | 20 | 0.000065 | -1 |
------------------------
46 | 4 | 0.000032 | 20 | 0.000060 | -1 |
------------------------
47 | 5 | 0.000039 | 20 | 0.000082 | -1 |
------------------------
48 | 3 | 0.000029 | 17 | 0.000062 | 3331 |
------------------------
49 | 4 | 0.000029 | 20 | 0.000065 | 3363 |
------------------------

